   3.0125763e+00   3.0074309e+00   2.9999252e+00   2.9889979e+00   2.9715403e+00   2.9463579e+00   2.9137653e+00   2.8691080e+00   2.8073578e+00   2.7407275e+00   2.6554132e+00   2.5473874e+00   2.4403684e+00   2.3017885e+00   2.1563657e+00   2.0074891e+00   1.8904588e+00   1.8527585e+00   1.7741911e+00   1.5202021e+00   1.2776312e+00   1.0343277e+00   7.9263890e-01   4.6486903e-01   0.0000000e+00
   1.1838841e+00   1.1796353e+00   1.1734834e+00   1.1645901e+00   1.1518278e+00   1.1346043e+00   1.1092543e+00   1.0748862e+00   1.0294029e+00   9.8491627e-01   9.3172808e-01   8.6586676e-01   7.6121234e-01   6.7324189e-01   6.1358915e-01   5.1051225e-01   4.2620772e-01   2.4381548e-01   0.0000000e+00   0.0000000e+00   0.0000000e+00   0.0000000e+00   0.0000000e+00   0.0000000e+00   0.0000000e+00
   3.8114449e+00   3.8013820e+00   3.7867117e+00   3.7653027e+00   3.7325391e+00   3.6860807e+00   3.6215184e+00   3.5322178e+00   3.4091254e+00   3.2693504e+00   3.0911528e+00   2.8633089e+00   2.5946004e+00   2.3021715e+00   2.0498128e+00   1.7804501e+00   1.6260732e+00   1.5758383e+00   1.4587785e+00   1.2811629e+00   1.0785328e+00   8.6426047e-01   7.0575816e-01   4.2787305e-01   0.0000000e+00
   2.6370809e+00   2.6262595e+00   2.6105098e+00   2.5876148e+00   2.5570975e+00   2.5151751e+00   2.4559181e+00   2.3733885e+00   2.2593787e+00   2.1329117e+00   1.9692425e+00   1.7566059e+00   1.5080782e+00   1.2208946e+00   9.2499285e-01   6.9060328e-01   4.6281573e-01   2.6675945e-01   8.1896290e-02   6.3339487e-03   0.0000000e+00   0.0000000e+00   0.0000000e+00   0.0000000e+00   0.0000000e+00
  -2.0769717e-01  -2.0227410e-01  -1.9436699e-01  -1.8287401e-01  -1.6386123e-01  -1.3600575e-01  -1.0513088e-01  -6.4083255e-02  -6.9071703e-03   0.0000000e+00   0.0000000e+00   4.1426089e-02   1.1503995e-01   2.0088648e-01   3.3033242e-01   4.9160464e-01   6.2730586e-01   6.5063546e-01   7.1499865e-01   6.7345343e-01   5.5695524e-01   3.4093777e-01   1.0347250e-01   0.0000000e+00   0.0000000e+00
   2.9795136e+00   2.9736646e+00   2.9651280e+00   2.9526712e+00   2.9333923e+00   2.9059870e+00   2.8671080e+00   2.8125627e+00   2.7358712e+00   2.6250627e+00   2.4758198e+00   2.2860684e+00   2.0478158e+00   1.7928359e+00   1.5160530e+00   1.2512585e+00   1.0920843e+00   9.1325530e-01   6.9922714e-01   5.4955291e-01   4.1460801e-01   2.3533843e-01   0.0000000e+00   0.0000000e+00   0.0000000e+00
   2.6935945e+00   2.6868010e+00   2.6769508e+00   2.6626132e+00   2.6426754e+00   2.6151372e+00   2.5705556e+00   2.5067562e+00   2.4179010e+00   2.2963367e+00   2.1330549e+00   1.9034174e+00   1.6184899e+00   1.2829705e+00   9.3965075e-01   7.3332428e-01   4.5570396e-01   2.3018146e-01   1.9654240e-02   0.0000000e+00   0.0000000e+00   0.0000000e+00   0.0000000e+00   0.0000000e+00   0.0000000e+00
  -3.5930636e-01  -3.5521612e-01  -3.4925014e-01  -3.4052523e-01  -3.2927708e-01  -3.1366806e-01  -2.9242469e-01  -2.6242648e-01  -2.1988101e-01  -1.6254286e-01  -8.3942507e-02   0.0000000e+00   0.0000000e+00   0.0000000e+00   2.7928851e-02   0.0000000e+00   0.0000000e+00   0.0000000e+00   0.0000000e+00   0.0000000e+00   0.0000000e+00   0.0000000e+00   0.0000000e+00   0.0000000e+00   0.0000000e+00
  -2.6908963e+00  -2.6822820e+00  -2.6697056e+00  -2.6513388e+00  -2.6252013e+00  -2.5883849e+00  -2.5398304e+00  -2.4725862e+00  -2.3786256e+00  -2.2537855e+00  -2.0884908e+00  -1.8777962e+00  -1.6411281e+00  -1.3273756e+00  -9.1495869e-01  -4.6050036e-01   0.0000000e+00   0.0000000e+00   0.0000000e+00   0.0000000e+00   0.0000000e+00   0.0000000e+00   0.0000000e+00   0.0000000e+00   0.0000000e+00
  -1.3924675e+00  -1.3881729e+00  -1.3818951e+00  -1.3727515e+00  -1.3589382e+00  -1.3391658e+00  -1.3131369e+00  -1.2768667e+00  -1.2254772e+00  -1.1632492e+00  -1.0772410e+00  -9.5347945e-01  -7.6242285e-01  -4.9932542e-01  -2.2563323e-01  -1.3160190e-03   0.0000000e+00   0.0000000e+00   0.0000000e+00   0.0000000e+00   0.0000000e+00   0.0000000e+00   0.0000000e+00   0.0000000e+00   0.0000000e+00
  -1.3359892e+00  -1.3310422e+00  -1.3238417e+00  -1.3133042e+00  -1.2933957e+00  -1.2644911e+00  -1.2196883e+00  -1.1567763e+00  -1.0698198e+00  -9.5856077e-01  -8.0666532e-01  -5.9397834e-01  -3.3357323e-01  -4.1956265e-02   0.0000000e+00   0.0000000e+00   0.0000000e+00   0.0000000e+00   0.0000000e+00   0.0000000e+00   0.0000000e+00   0.0000000e+00   0.0000000e+00   0.0000000e+00   0.0000000e+00
   1.9263452e+00   1.9224290e+00   1.9167145e+00   1.9083973e+00   1.8964280e+00   1.8795877e+00   1.8570085e+00   1.8258025e+00   1.7825294e+00   1.7225187e+00   1.6441134e+00   1.5539021e+00   1.4488983e+00   1.3197823e+00   1.1369939e+00   9.1573283e-01   7.0628313e-01   4.5076025e-01   2.5225277e-01   7.6157058e-02   0.0000000e+00   0.0000000e+00   0.0000000e+00   0.0000000e+00   0.0000000e+00
   2.6163952e+00   2.6060771e+00   2.5910134e+00   2.5690312e+00   2.5349898e+00   2.4866705e+00   2.4168569e+00   2.3188835e+00   2.1819695e+00   2.0161138e+00   1.7939017e+00   1.4986484e+00   1.1063371e+00   6.6671664e-01   3.9380548e-01   2.1894643e-01   1.0463297e-01   4.6794005e-02   0.0000000e+00   0.0000000e+00   0.0000000e+00   0.0000000e+00   0.0000000e+00   0.0000000e+00   0.0000000e+00
  -5.3482955e-01  -5.3257733e-01  -5.2929922e-01  -5.2451692e-01  -5.1665196e-01  -5.0558062e-01  -4.8662713e-01  -4.5950184e-01  -4.2174654e-01  -3.7045575e-01  -3.0074390e-01  -2.0099423e-01  -5.5835688e-02   0.0000000e+00   0.0000000e+00   0.0000000e+00   0.0000000e+00   0.0000000e+00   0.0000000e+00   0.0000000e+00   0.0000000e+00   0.0000000e+00   0.0000000e+00   0.0000000e+00   0.0000000e+00
   8.1628074e-01   8.1220260e-01   8.0625016e-01   7.9757550e-01   7.8727469e-01   7.7380491e-01   7.5566234e-01   7.3073988e-01   6.9611429e-01   6.4892252e-01   5.8630623e-01   5.1330536e-01   4.4728845e-01   3.6513829e-01   2.8099776e-01   1.2550162e-01   0.0000000e+00   0.0000000e+00   0.0000000e+00   0.0000000e+00   0.0000000e+00   0.0000000e+00   0.0000000e+00   0.0000000e+00   0.0000000e+00
   9.5266473e-01   9.4928970e-01   9.4436435e-01   9.3714706e-01   9.2546302e-01   9.0855117e-01   8.8409829e-01   8.4961927e-01   8.0141796e-01   7.4412358e-01   6.6884866e-01   5.8083395e-01   4.8450618e-01   3.8119491e-01   2.6671362e-01   1.7572118e-01   7.6298941e-02   5.0474476e-02   2.1076572e-02   0.0000000e+00   0.0000000e+00   0.0000000e+00   0.0000000e+00   0.0000000e+00   0.0000000e+00
  -1.6092355e+00  -1.6024204e+00  -1.5925073e+00  -1.5780723e+00  -1.5571998e+00  -1.5274306e+00  -1.4851830e+00  -1.4253698e+00  -1.3409848e+00  -1.2245767e+00  -1.0638316e+00  -8.4020434e-01  -5.8808660e-01  -2.7894353e-01   0.0000000e+00   0.0000000e+00   0.0000000e+00   0.0000000e+00   0.0000000e+00   0.0000000e+00   0.0000000e+00   0.0000000e+00   0.0000000e+00   0.0000000e+00   0.0000000e+00
  -2.2442507e-01  -2.2026048e-01  -2.1417685e-01  -2.0531097e-01  -1.9379562e-01  -1.7816649e-01  -1.6209138e-01  -1.4144811e-01  -1.1326153e-01  -7.0155439e-02  -1.3890906e-02   0.0000000e+00   0.0000000e+00   0.0000000e+00   0.0000000e+00   0.0000000e+00   0.0000000e+00   0.0000000e+00   0.0000000e+00   0.0000000e+00   0.0000000e+00   0.0000000e+00   0.0000000e+00   0.0000000e+00   0.0000000e+00
  -2.5705562e-02  -2.0727062e-02  -1.3492760e-02  -3.0118546e-03   0.0000000e+00   0.0000000e+00   0.0000000e+00   0.0000000e+00   0.0000000e+00   0.0000000e+00   0.0000000e+00   0.0000000e+00   0.0000000e+00   0.0000000e+00   0.0000000e+00   0.0000000e+00   0.0000000e+00   2.5749383e-02   0.0000000e+00   0.0000000e+00   0.0000000e+00   0.0000000e+00   0.0000000e+00   0.0000000e+00   0.0000000e+00
  -3.9040854e+00  -3.8984053e+00  -3.8901278e+00  -3.8780807e+00  -3.8618005e+00  -3.8392809e+00  -3.8053621e+00  -3.7571440e+00  -3.6895481e+00  -3.5915912e+00  -3.4609354e+00  -3.2757138e+00  -3.0326424e+00  -2.7525072e+00  -2.4265692e+00  -2.1161243e+00  -1.7837655e+00  -1.4598212e+00  -1.1883579e+00  -8.1128731e-01  -4.6035846e-01  -9.0487780e-02   0.0000000e+00   0.0000000e+00   0.0000000e+00
   1.7143160e+00   1.7098427e+00   1.7033309e+00   1.6938205e+00   1.6833365e+00   1.6695367e+00   1.6502109e+00   1.6227994e+00   1.5840136e+00   1.5198433e+00   1.4331661e+00   1.3175236e+00   1.1928824e+00   1.0435393e+00   8.0553601e-01   5.8132136e-01   2.4229938e-01   2.5700055e-02   0.0000000e+00   0.0000000e+00   0.0000000e+00   0.0000000e+00   0.0000000e+00   0.0000000e+00   0.0000000e+00
   1.8448003e+00   1.8396203e+00   1.8320621e+00   1.8210324e+00   1.8042479e+00   1.7801052e+00   1.7456131e+00   1.6968179e+00   1.6280173e+00   1.5415796e+00   1.4241676e+00   1.2546223e+00   1.0424118e+00   7.5384939e-01   4.2608671e-01   1.6291937e-01   0.0000000e+00   0.0000000e+00   0.0000000e+00   0.0000000e+00   0.0000000e+00   0.0000000e+00   0.0000000e+00   0.0000000e+00   0.0000000e+00
   6.1137969e-01   6.0814698e-01   6.0345437e-01   5.9662892e-01   5.9002800e-01   5.8184523e-01   5.7177216e-01   5.5820413e-01   5.3971097e-01   5.2522414e-01   5.0774121e-01   4.7757822e-01   4.3209483e-01   3.3195555e-01   1.9967905e-01   9.1679559e-02   0.0000000e+00   0.0000000e+00   0.0000000e+00   0.0000000e+00   0.0000000e+00   0.0000000e+00   0.0000000e+00   0.0000000e+00   0.0000000e+00
   2.9224469e+00   2.9165261e+00   2.9079138e+00   2.8953636e+00   2.8766671e+00   2.8506508e+00   2.8103284e+00   2.7533435e+00   2.6741283e+00   2.5632462e+00   2.4142809e+00   2.2171895e+00   1.9494001e+00   1.6617458e+00   1.4152433e+00   1.1801814e+00   9.5346079e-01   7.2768091e-01   4.3944791e-01   1.0738507e-01   0.0000000e+00   0.0000000e+00   0.0000000e+00   0.0000000e+00   0.0000000e+00
  -4.3627124e+00  -4.3497027e+00  -4.3307545e+00  -4.3031771e+00  -4.2664785e+00  -4.2162026e+00  -4.1487016e+00  -4.0558021e+00  -3.9274200e+00  -3.7562369e+00  -3.5335756e+00  -3.2526550e+00  -2.9058124e+00  -2.5302203e+00  -2.1338469e+00  -1.7304292e+00  -1.3519984e+00  -1.0242619e+00  -7.6528340e-01  -5.3239364e-01  -2.3991508e-01   0.0000000e+00   0.0000000e+00   0.0000000e+00   0.0000000e+00
  -1.4436661e+00  -1.4397025e+00  -1.4339272e+00  -1.4254695e+00  -1.4116689e+00  -1.3918621e+00  -1.3580760e+00  -1.3093028e+00  -1.2412610e+00  -1.1570120e+00  -1.0435457e+00  -8.8570110e-01  -6.7666631e-01  -4.0880572e-01  -1.6446454e-01   0.0000000e+00   0.0000000e+00   0.0000000e+00   0.0000000e+00   0.0000000e+00   0.0000000e+00   0.0000000e+00   0.0000000e+00   0.0000000e+00   0.0000000e+00
   1.3702809e+00   1.3661293e+00   1.3600952e+00   1.3513223e+00   1.3382071e+00   1.3196225e+00   1.2878756e+00   1.2420464e+00   1.1782788e+00   1.0945793e+00   9.8322658e-01   8.3121942e-01   6.4202989e-01   4.4618324e-01   2.8739757e-01   2.1817266e-01   1.8010103e-01   1.1577756e-01   1.3948225e-02   0.0000000e+00   0.0000000e+00   0.0000000e+00   0.0000000e+00   0.0000000e+00   0.0000000e+00
   1.2484413e+00   1.2432984e+00   1.2357802e+00   1.2248010e+00   1.2102813e+00   1.1900309e+00   1.1665069e+00   1.1344912e+00   1.0892413e+00   1.0179730e+00   9.2234274e-01   8.2219819e-01   7.1671066e-01   5.7816326e-01   4.0131345e-01   2.6533914e-01   1.4099499e-01   0.0000000e+00   0.0000000e+00   0.0000000e+00   0.0000000e+00   0.0000000e+00   0.0000000e+00   0.0000000e+00   0.0000000e+00
   1.2544719e+00   1.2541162e+00   1.2536135e+00   1.2529035e+00   1.2496765e+00   1.2444702e+00   1.2299652e+00   1.2080987e+00   1.1782850e+00   1.1519232e+00   1.1182186e+00   1.0500337e+00   9.5460056e-01   8.6319941e-01   7.8338833e-01   7.0275873e-01   6.1794923e-01   4.7819376e-01   3.1387332e-01   1.3325810e-01   0.0000000e+00   0.0000000e+00   0.0000000e+00   0.0000000e+00   0.0000000e+00
  -8.6022742e-01  -8.5589239e-01  -8.4958278e-01  -8.4040164e-01  -8.2788390e-01  -8.1044671e-01  -7.9068791e-01  -7.6420124e-01  -7.2706454e-01  -6.8023712e-01  -6.1887119e-01  -5.4634119e-01  -4.6412141e-01  -3.7697603e-01  -2.8492403e-01  -1.8374295e-01   0.0000000e+00   0.0000000e+00   0.0000000e+00   0.0000000e+00   0.0000000e+00   0.0000000e+00   0.0000000e+00   0.0000000e+00   0.0000000e+00
   6.7323247e-02   6.0704641e-02   5.1062185e-02   3.7082470e-02   2.2703802e-02   4.1478753e-03   0.0000000e+00   0.0000000e+00   0.0000000e+00   0.0000000e+00   0.0000000e+00   0.0000000e+00   0.0000000e+00   0.0000000e+00   0.0000000e+00   0.0000000e+00   0.0000000e+00   0.0000000e+00   0.0000000e+00   0.0000000e+00   0.0000000e+00   0.0000000e+00   0.0000000e+00   0.0000000e+00   0.0000000e+00
  -1.8972404e+00  -1.8938686e+00  -1.8889504e+00  -1.8818027e+00  -1.8722323e+00  -1.8587438e+00  -1.8430884e+00  -1.8217299e+00  -1.7916105e+00  -1.7456586e+00  -1.6850137e+00  -1.6056917e+00  -1.5218819e+00  -1.3693216e+00  -1.1091300e+00  -8.4250138e-01  -5.9430150e-01  -3.2956958e-01  -7.1124647e-02   0.0000000e+00   0.0000000e+00   0.0000000e+00   0.0000000e+00   0.0000000e+00   0.0000000e+00
